KEY 	 READ1_START 	 READ1_END 	 READ1_OVL_LEN 	 READ1_START 	 READ1_END 	 READ1_OVL_LEN 	 MATCHES 	 INSERTIONS 	 DELETIONS 
seq5_1-seq8_92	29	1777	1748	5280	7016	1736	1629	119	107
seq5_16-seq8_86	2	3437	3435	6741	10214	3473	3226	209	247
seq5_20-seq8_54	14	3696	3682	1418	5062	3644	3400	282	244
seq5_21-seq8_17	1259	2932	1673	16	1682	1666	1558	115	108
seq5_23-seq5_96	4	2801	2797	3237	6060	2823	2655	142	168
seq5_24-seq9_32	120	2285	2165	2650	4787	2137	2008	157	129
seq5_31-seq6_83	6	2974	2968	6165	9125	2960	2773	195	187
seq5_32-seq7_89	4	4591	4587	26442	31048	4606	4282	305	324
seq5_58-seq8_90	39	2040	2001	14742	16748	2006	1870	131	136
seq5_58-seq8_88	42	2373	2331	7443	9765	2322	2155	176	167
seq5_60-seq9_45	180	1898	1718	548	2250	1702	1600	118	102
seq5_62-seq6_21	4132	6190	2058	3	2105	2102	1962	96	140
seq5_62-seq9_56	4	2951	2947	9414	12333	2919	2709	238	210
seq5_63-seq5_66	8314	9899	1585	8	1600	1592	1488	97	104
seq5_67-seq7_63	906	4943	4037	0	3996	3996	3739	298	257
seq5_69-seq7_89	14	13094	13080	2470	15733	13263	12190	890	1073
seq5_69-seq5_75	8228	13278	5050	0	5118	5118	4766	284	352
seq5_69-seq9_67	14	5973	5959	4655	10852	6197	5586	373	611
seq5_75-seq7_89	53	15030	14977	10877	25675	14798	13832	1145	966
seq5_77-seq7_91	41	16272	16231	10981	27157	16176	15216	1015	960
seq5_77-seq9_98	41	16922	16881	7162	24014	16852	15802	1079	1050
seq5_77-seq6_84	7390	15660	8270	20	7909	7889	7414	856	475
seq5_77-seq9_57	9771	15693	5922	0	5860	5860	5514	408	346
seq5_79-seq7_76	76	8801	8725	1860	10502	8642	8123	602	519
seq5_83-seq7_16	313	1524	1211	10	1219	1209	1145	66	64
seq5_86-seq7_13	5165	6785	1620	3	1616	1613	1514	106	99
seq5_87-seq8_86	16	11877	11861	12242	24133	11891	11111	750	780
seq5_88-seq5_92	0	11717	11717	10219	21907	11688	11020	697	668
seq5_88-seq9_42	3	6036	6033	1049	7065	6016	5634	399	382
seq5_89-seq6_73	44	11827	11783	5411	17063	11652	10970	813	682
seq5_90-seq6_52	0	5406	5406	2564	7972	5408	5048	358	360
seq5_90-seq6_46	1	4816	4815	7483	12277	4794	4491	324	303
seq5_90-seq9_75	3934	7327	3393	0	3423	3423	3186	207	237
seq5_91-seq6_87	1	4380	4379	2912	7254	4342	4092	287	250
seq5_92-seq9_42	9168	16215	7047	2	7065	7063	6596	451	467
seq5_93-seq8_82	38	7004	6966	11633	18536	6903	6466	500	437
seq5_94-seq8_76	16934	19228	2294	0	2253	2253	2137	157	116
seq5_95-seq7_59	8437	11131	2694	1	2700	2699	2521	173	178
seq5_98-seq9_41	1111	3065	1954	3	1974	1971	1836	118	135
seq5_100-seq7_94	10109	46446	36337	42	36758	36716	34038	2299	2678
seq5_100-seq6_55	40436	45439	5003	72	5075	5003	4708	295	295
seq4_4-seq9_49	2	1529	1527	3964	5480	1516	1409	118	107
seq4_10-seq6_1	28	1607	1579	1253	2845	1592	1485	94	107
seq4_13-seq6_66	6	2301	2295	4574	6881	2307	2167	128	140
seq4_14-seq5_89	4	2172	2168	2467	4622	2155	2032	136	123
seq4_14-seq6_73	2	2130	2128	7787	9911	2124	2010	118	114
seq4_27-seq7_41	93	4440	4347	16	4369	4353	4066	281	287
seq4_27-seq6_73	967	4441	3474	36	3451	3415	3219	255	196
seq4_30-seq9_95	797	1904	1107	53	1183	1130	1056	51	74
seq4_32-seq5_5	4683	6357	1674	7	1668	1661	1573	101	88
seq4_33-seq8_84	4864	6764	1900	24	1972	1948	1817	83	131
seq4_35-seq4_97	2	808	806	10829	11632	803	751	55	52
seq4_38-seq7_71	3	4854	4851	7906	12751	4845	4542	309	303
seq4_40-seq4_67	10	3295	3285	2281	5514	3233	3080	205	153
seq4_41-seq5_97	0	3935	3935	9188	13081	3893	3688	247	205
seq4_42-seq9_81	0	7742	7742	4631	12467	7836	7284	458	552
seq4_47-seq8_77	7	4971	4964	4427	9418	4991	4640	324	351
seq4_48-seq8_91	2	4415	4413	25929	30148	4219	3934	479	285
seq4_49-seq6_75	13	4513	4500	692	5201	4509	4227	273	282
seq4_51-seq8_94	18	2488	2470	6577	9085	2508	2328	142	180
seq4_52-seq6_6	16	1469	1453	1468	2920	1452	1372	81	80
seq4_53-seq6_3	3676	5175	1499	43	1516	1473	1399	100	74
seq4_54-seq9_69	8	3547	3539	7716	11213	3497	3302	237	195
seq4_54-seq7_51	9990	11910	1920	8	1907	1899	1802	118	97
seq4_55-seq6_65	28	4292	4264	1	4287	4286	3990	274	296
seq4_55-seq9_36	20	3779	3759	3467	7217	3750	3498	261	252
seq4_58-seq5_82	2629	6962	4333	6	4328	4322	4041	292	281
seq4_62-seq9_79	1	4017	4016	1347	5354	4007	3734	282	273
seq4_64-seq6_41	4217	10499	6282	12	6328	6316	5923	359	393
seq4_64-seq6_32	9236	12175	2939	1	2946	2945	2746	193	199
seq4_64-seq6_62	5630	7943	2313	25	2332	2307	2150	163	157
seq4_66-seq6_25	637	1850	1213	8	1218	1210	1144	69	66
seq4_67-seq9_97	73	2868	2795	23293	26078	2785	2609	186	176
seq4_70-seq6_71	0	5576	5576	1514	7087	5573	5195	381	378
seq4_78-seq7_35	7139	10962	3823	0	3877	3877	3588	235	289
seq4_80-seq8_61	8	2867	2859	9604	12494	2890	2697	162	193
seq4_84-seq6_32	5	2250	2245	7618	9822	2204	2074	171	130
seq4_85-seq7_90	1485	10203	8718	0	8359	8359	7865	853	494
seq4_85-seq9_31	6891	10282	3391	20	3374	3354	3160	231	194
seq4_85-seq9_78	9441	10282	841	58	892	834	798	43	36
seq4_86-seq5_20	2627	8135	5508	14	5495	5481	5147	361	334
seq4_86-seq8_54	1195	6339	5144	0	5074	5074	4802	342	272
seq4_87-seq5_87	17	8994	8977	4732	13746	9014	8487	490	527
seq4_87-seq8_86	17	7125	7108	16972	24117	7145	6714	394	431
seq4_88-seq9_35	8	2418	2410	2161	4593	2432	2268	142	164
seq4_89-seq6_33	10372	13063	2691	0	2634	2634	2507	184	127
seq4_89-seq7_93	18589	21298	2709	6	2744	2738	2542	167	196
seq4_92-seq5_25	10740	16361	5621	3	5622	5619	5280	341	339
seq4_92-seq7_25	8440	11239	2799	6	2794	2788	2618	181	170
seq4_93-seq5_13	18589	20834	2245	30	2286	2256	2105	140	151
seq4_95-seq6_37	9197	14224	5027	29	5025	4996	4706	321	290
seq4_97-seq5_99	11282	20034	8752	1	8818	8817	8228	524	589
seq1_1-seq1_90	5	951	946	6593	7539	946	898	48	48
seq1_2-seq4_84	95	3272	3177	2844	6057	3213	3006	171	207
seq1_3-seq9_70	4	2461	2457	3701	6163	2462	2298	159	164
seq1_4-seq1_95	1	1289	1288	3208	4493	1285	1220	68	65
seq1_4-seq5_62	7	1289	1282	2998	4284	1286	1216	66	70
seq1_5-seq5_29	12	2935	2923	528	3481	2953	2757	166	196
seq1_6-seq9_96	0	2683	2683	6207	8922	2715	2534	149	181
seq1_6-seq6_72	69	1771	1702	6521	8213	1692	1587	115	105
seq1_7-seq7_71	3	1623	1620	2542	4153	1611	1526	94	85
seq1_7-seq2_73	3	734	731	8202	8933	731	688	43	43
seq1_9-seq5_99	0	2959	2959	31191	34213	3022	2796	163	226
seq1_11-seq4_95	10	2091	2081	1965	4062	2097	1960	121	137
seq1_13-seq3_22	7	4532	4525	150	4608	4458	4204	321	254
seq1_14-seq3_35	3060	4293	1233	39	1269	1230	1151	82	79
seq1_17-seq8_58	2	5530	5528	1092	6589	5497	5162	366	335
seq1_17-seq6_87	1313	5525	4212	2	4183	4181	3930	282	251
seq1_17-seq5_7	3188	4639	1451	1	1429	1428	1343	108	85
seq1_17-seq5_91	4250	5529	1279	1	1298	1297	1201	78	96
seq1_19-seq1_70	1057	4803	3746	2	3735	3733	3509	237	224
seq1_23-seq1_91	2	4347	4345	4583	8929	4346	4104	241	242
seq1_23-seq6_65	2	4304	4302	4204	8434	4230	3979	323	251
seq1_24-seq7_78	4	3520	3516	5408	8946	3538	3313	203	225
seq1_24-seq9_49	16	1504	1488	4813	6314	1501	1407	81	94
seq1_24-seq4_4	21	671	650	865	1529	664	621	29	43
seq1_27-seq3_73	1	1498	1497	4625	6144	1519	1419	78	100
seq1_28-seq6_58	1	3255	3254	538	3748	3210	3032	222	178
seq1_29-seq7_90	36	9124	9088	7860	16976	9116	8531	557	585
seq1_29-seq9_78	1	9165	9164	262	9503	9241	8626	538	615
seq1_29-seq4_85	1	618	617	9654	10282	628	588	29	40
seq1_31-seq5_71	6241	9370	3129	10	3163	3153	2916	213	237
seq1_31-seq4_63	6	743	737	7329	8044	715	673	64	42
seq1_32-seq3_93	4	598	594	3357	3940	583	550	44	33
seq1_33-seq7_47	1	2132	2131	68	2188	2120	2002	129	118
seq1_33-seq9_37	1	2139	2138	1521	3646	2125	2005	133	120
seq1_34-seq8_19	872	3173	2301	10	2316	2306	2164	137	142
seq1_36-seq3_73	3012	7536	4524	0	4553	4553	4258	266	295
seq1_39-seq3_51	1536	3957	2421	3	2431	2428	2290	131	138
seq1_39-seq6_70	17	1168	1151	7495	8632	1137	1081	70	56
seq1_40-seq4_58	111	5377	5266	1	5301	5300	4969	297	331
seq1_40-seq5_82	2732	5380	2648	5	2656	2651	2487	161	164
seq1_42-seq6_18	760	1369	609	1	605	604	579	30	25
seq1_43-seq4_78	5	6330	6325	4623	10962	6339	5974	351	365
seq1_43-seq7_35	2498	7877	5379	0	5408	5408	5071	308	337
seq1_44-seq2_85	6	5507	5501	8035	13560	5525	5179	322	346
seq1_44-seq1_53	971	5556	4585	2	4571	4569	4316	269	253
seq1_44-seq3_46	1389	2199	810	17	808	791	763	47	28
seq1_46-seq7_71	2	5952	5950	1922	7860	5938	5587	363	351
seq1_46-seq1_7	620	2250	1630	3	1623	1620	1536	94	84
seq1_46-seq2_73	2	1345	1343	7595	8932	1337	1264	79	73
seq1_50-seq2_68	0	4737	4737	103	4864	4761	4491	246	270
seq1_50-seq7_79	2904	4752	1848	11	1895	1884	1759	89	125
seq1_51-seq3_84	1	5508	5507	1531	7028	5497	5170	337	327
seq1_51-seq4_56	1	1754	1753	4177	5873	1696	1618	135	78
seq1_52-seq4_88	4958	13142	8184	1	8122	8121	7652	532	469
seq1_52-seq7_74	20	5666	5646	1549	7152	5603	5266	380	337
seq1_52-seq9_35	2822	7429	4607	3	4609	4606	4319	288	287
seq1_53-seq2_85	2	4521	4519	9027	13562	4535	4264	255	271
seq1_53-seq3_46	405	1209	804	20	808	788	751	53	37
seq1_54-seq4_53	862	7185	6323	5	6286	6281	5934	389	347
seq1_54-seq6_3	4531	6067	1536	6	1516	1510	1434	102	76
seq1_55-seq8_74	4	6304	6300	766	7079	6313	5907	393	406
seq1_55-seq3_74	2281	5925	3644	10	3647	3637	3439	205	198
seq1_57-seq7_52	0	6457	6457	576	6996	6420	6066	391	354
seq1_58-seq9_98	21	8822	8801	22224	31019	8795	8241	560	554
seq1_58-seq5_77	29	1835	1806	15106	16934	1828	1701	105	127
seq1_58-seq6_84	2	488	486	7343	7835	492	458	28	34
seq1_59-seq1_90	1388	2151	763	34	817	783	735	28	48
seq1_60-seq2_81	2616	8522	5906	100	6051	5951	5590	316	361
seq1_61-seq1_82	5	3109	3104	1775	4883	3108	2928	176	180
seq1_63-seq8_93	12	4096	4084	476	4571	4095	3824	260	271
seq1_63-seq8_44	603	4096	3493	1	3513	3512	3271	222	241
seq1_64-seq5_14	1614	4260	2646	0	2637	2637	2480	166	157
seq1_66-seq1_86	9	471	462	14386	14854	468	445	17	23
seq1_67-seq9_91	7	1539	1532	3651	5184	1533	1439	93	94
seq1_68-seq9_52	1509	2849	1340	672	2004	1332	1261	79	71
seq1_68-seq5_71	5	1053	1048	8934	9986	1052	988	60	64
seq1_69-seq7_21	5046	7977	2931	39	2969	2930	2747	184	183
seq1_71-seq7_78	21	4623	4602	16713	21355	4642	4331	271	311
seq1_71-seq3_71	1560	4867	3307	4	3326	3322	3090	217	232
seq1_72-seq5_98	2655	8026	5371	85	5434	5349	5057	314	292
seq1_72-seq9_41	3698	5832	2134	2	2142	2140	2020	114	120
seq1_73-seq7_81	24	6332	6308	4423	10770	6347	5942	366	405
seq1_73-seq8_75	1	6330	6329	3278	9650	6372	5981	348	391
seq1_74-seq9_76	10069	17342	7273	13	7307	7294	6833	440	461
seq1_74-seq5_24	1064	5142	4078	13	4124	4111	3832	246	279
seq1_74-seq9_32	9	3276	3267	1488	4773	3285	3054	213	231
seq1_76-seq8_89	1	13354	13353	243	13601	13358	12542	811	816
seq1_76-seq6_47	1	1583	1582	1803	3368	1565	1482	100	83
seq1_76-seq7_69	3583	4627	1044	6	1054	1048	975	69	73
seq1_77-seq5_86	5	2220	2215	10325	12551	2226	2105	110	121
seq1_78-seq4_16	1	1399	1398	3849	5247	1398	1311	87	87
seq1_79-seq6_75	8	3381	3373	11958	15354	3396	3168	205	228
seq1_80-seq2_96	0	7961	7961	4856	12829	7973	7498	463	475
seq1_80-seq7_92	0	7961	7961	8576	16565	7989	7519	442	470
seq1_81-seq5_66	5	5223	5218	814	6086	5272	4909	309	363
seq1_81-seq8_27	7530	10069	2539	1	2550	2549	2384	155	165
seq1_81-seq5_63	5	790	785	9108	9891	783	736	49	47
seq1_83-seq2_94	4	8888	8884	8446	17319	8873	8360	524	513
seq1_83-seq9_24	6044	8893	2849	1	2851	2850	2659	190	191
seq1_85-seq2_90	2	15579	15577	5607	21128	15521	14608	969	913
seq1_86-seq7_85	383	17843	17460	1	17517	17516	16420	1040	1096
seq1_86-seq6_38	11740	16846	5106	45	5165	5120	4800	306	320
seq1_86-seq6_67	6405	9961	3556	9	3576	3567	3349	207	218
seq1_86-seq2_30	4099	5141	1042	21	1062	1041	985	57	56
seq1_86-seq8_28	16122	17854	1732	45	1743	1698	1596	136	102
seq1_88-seq4_81	7517	11092	3575	28	3584	3556	3343	232	213
seq1_89-seq7_89	17	9501	9484	21587	31085	9498	8902	582	596
seq1_89-seq5_32	4840	9656	4816	2	4773	4771	4515	301	256
seq1_89-seq5_75	1	4207	4206	10970	15164	4194	3936	270	258
seq1_90-seq2_44	11268	15812	4544	0	4524	4524	4274	270	250
seq1_90-seq3_39	8562	11912	3350	1	3337	3336	3160	190	176
seq1_90-seq9_13	5550	8088	2538	12	2548	2536	2378	160	158
seq1_90-seq3_29	14995	15792	797	1	813	812	749	48	63
seq1_91-seq6_65	449	10985	10536	1	10558	10557	9865	671	692
seq1_91-seq4_55	425	4662	4237	4	4291	4287	3977	260	310
seq1_91-seq9_36	0	4199	4199	3024	7254	4230	3915	284	315
seq1_92-seq9_23	2734	4489	1755	2	1794	1792	1668	87	124
seq1_93-seq4_98	0	12652	12652	11000	23601	12601	11896	756	705
seq1_93-seq2_95	3	8950	8947	21720	30671	8951	8429	518	522
seq1_93-seq8_39	12767	13572	805	2	829	827	768	37	59
seq1_94-seq8_86	43	14602	14559	3449	18080	14631	13675	884	956
seq1_94-seq5_87	8775	14602	5827	7	5815	5808	5466	361	342
seq1_94-seq5_16	3323	6793	3470	0	3445	3445	3231	239	214
seq1_94-seq4_87	13519	14602	1083	17	1114	1097	1017	66	80
seq1_95-seq5_62	244	6424	6180	1	6196	6195	5825	355	370
seq1_95-seq6_21	4343	6762	2419	3	2438	2435	2293	126	142
seq1_95-seq9_56	36	3163	3127	9208	12325	3117	2894	233	223
seq1_95-seq8_46	16313	17686	1373	15	1384	1369	1294	79	75
seq10_7-seq10_89	0	1190	1190	9975	11185	1210	1130	60	80
seq10_13-seq2_39	1	772	771	1038	1789	751	707	64	44
seq10_15-seq3_92	21	3245	3224	768	4041	3273	3053	171	220
seq10_18-seq10_69	6	4873	4867	1187	6032	4845	4558	309	287
seq10_18-seq7_84	120	4853	4733	342	5107	4765	4402	331	363
seq10_20-seq2_68	49	3374	3325	5438	8765	3327	3125	200	202
seq10_20-seq7_79	50	3240	3190	2481	5665	3184	2979	211	205
seq10_21-seq1_76	2	865	863	15300	16178	878	824	39	54
seq10_26-seq1_93	26	1867	1841	14882	16732	1850	1722	119	128
seq10_30-seq5_80	6	2726	2720	6300	9027	2727	2534	186	193
seq10_32-seq2_62	11	3702	3691	5933	9625	3692	3472	219	220
seq10_32-seq6_89	11	3702	3691	2122	5766	3644	3418	273	226
seq10_42-seq1_51	5	5932	5927	5296	11225	5929	5562	365	367
seq10_44-seq4_90	16	3929	3913	6623	10531	3908	3668	245	240
seq10_46-seq10_76	715	7438	6723	3	6727	6724	6366	357	358
seq10_47-seq5_69	195	3349	3154	1276	4487	3211	2964	190	247
seq10_47-seq7_89	53	3336	3283	3825	7086	3261	3030	253	231
seq10_49-seq2_82	3	4298	4295	4107	8397	4290	4021	274	269
seq10_50-seq1_56	159	5131	4972	74	5060	4986	4646	326	340
seq10_52-seq10_85	1	6793	6792	602	7415	6813	6415	377	398
seq10_52-seq7_24	3703	6414	2711	53	2748	2695	2541	170	154
seq10_52-seq7_7	4264	6414	2150	22	2158	2136	1991	159	145
seq10_56-seq2_93	47	5462	5415	23683	29165	5482	5086	329	396
seq10_56-seq4_75	1858	5449	3591	117	3726	3609	3342	249	267
seq10_58-seq2_95	3	3810	3807	3082	6971	3889	3601	206	288
seq10_58-seq5_82	2	3362	3360	7104	10532	3428	3177	183	251
seq10_61-seq7_87	1066	8660	7594	204	7815	7611	7083	511	528
seq10_63-seq10_74	0	8414	8414	5231	13664	8433	7977	437	456
seq10_65-seq9_93	66	6429	6363	7154	13471	6317	5914	449	403
seq10_69-seq7_84	986	14417	13431	12	13535	13523	12532	899	991
seq10_71-seq6_81	0	8340	8340	419	8714	8295	7734	606	561
seq10_71-seq8_16	3964	8106	4142	518	4668	4150	3872	270	278
seq10_72-seq4_18	4546	7510	2964	29	3003	2974	2782	182	192
seq10_72-seq7_56	7548	11415	3867	1	3895	3894	3588	279	306
seq10_73-seq1_21	108	1664	1556	1628	3172	1544	1426	130	118
seq10_75-seq2_74	7614	12011	4397	1	4415	4414	4137	260	277
seq10_77-seq6_12	6939	9444	2505	5	2512	2507	2332	173	175
seq10_79-seq9_66	5183	10988	5805	395	6138	5743	5383	422	360
seq10_79-seq6_14	9097	12950	3853	5	3820	3815	3565	288	250
seq10_81-seq8_82	2907	19553	16646	11	16695	16684	15512	1134	1172
seq10_81-seq6_74	4166	13055	8889	14	8882	8868	8293	596	575
seq10_81-seq5_93	14510	19508	4998	66	5099	5033	4678	320	355
seq10_81-seq7_38	5939	9779	3840	12	3857	3845	3582	258	263
seq10_83-seq9_99	26	15675	15649	469	16213	15744	14646	1003	1098
seq10_85-seq7_24	4424	7101	2677	178	2819	2641	2489	188	152
seq10_86-seq6_68	12283	17175	4892	3	5074	5071	4619	273	452
seq10_86-seq7_31	345	4094	3749	6	3729	3723	3493	256	230
seq10_87-seq7_82	3175	15871	12696	154	12888	12734	11887	809	847
seq10_90-seq8_88	4	5170	5166	8805	13961	5156	4822	344	334
seq10_91-seq1_22	17053	18293	1240	5	1234	1229	1159	81	70
seq10_92-seq4_53	191	3682	3491	4463	7932	3469	3261	230	208
seq10_92-seq1_54	2	2034	2032	5154	7182	2028	1915	117	113
seq10_93-seq7_62	13721	23949	10228	5	10189	10184	9575	653	609
seq10_94-seq3_87	8545	24715	16170	1	16270	16269	15127	1043	1142
seq10_94-seq2_79	12240	16682	4442	403	4831	4428	4148	294	280
seq10_94-seq9_94	342	8542	8200	14860	23057	8197	7633	567	564
seq10_94-seq2_26	172	2853	2681	12	2716	2704	2514	167	190
seq10_95-seq4_64	11760	23946	12186	0	12170	12170	11325	861	845
seq10_95-seq6_41	15981	22253	6272	14	6298	6284	5851	421	433
seq10_95-seq6_32	20996	25268	4272	14	4285	4271	4001	271	270
seq10_96-seq1_64	1740	10176	8436	79	8513	8434	7888	548	546
seq10_96-seq7_39	15428	22467	7039	450	7506	7056	6549	490	507
seq10_96-seq5_14	3281	5906	2625	1	2635	2634	2451	174	183
seq6_5-seq7_90	41	3137	3096	19399	22518	3119	2927	169	192
seq6_5-seq9_78	95	3060	2965	11967	14945	2978	2781	184	197
seq6_17-seq8_85	4	2421	2417	6264	8714	2450	2277	140	173
seq6_24-seq7_46	2130	4972	2842	18	2881	2863	2666	176	197
seq6_28-seq7_60	0	2546	2546	8413	10888	2475	2332	214	143
seq6_29-seq6_8	8	739	731	1484	2217	733	684	47	49
seq6_32-seq6_41	1	1292	1291	5024	6328	1304	1238	53	66
seq6_34-seq8_28	2	2464	2462	5385	7845	2460	2286	176	174
seq6_35-seq7_17	3443	6270	2827	0	2799	2799	2623	204	176
seq6_38-seq7_85	45	5137	5092	11398	16505	5107	4784	308	323
seq6_41-seq6_62	1398	3699	2301	25	2343	2318	2166	135	152
seq6_43-seq9_53	2567	4267	1700	3	1683	1680	1562	138	118
seq6_45-seq9_85	43	3183	3140	11418	14537	3119	2929	211	190
seq6_46-seq6_52	4914	12309	7395	5	7418	7413	6985	410	428
seq6_50-seq6_91	0	731	731	11882	12596	714	685	46	29
seq6_53-seq6_75	0	3026	3026	15545	18599	3054	2870	156	184
seq6_55-seq7_94	68	5075	5007	30740	35731	4991	4687	320	304
seq6_57-seq8_42	3	3906	3903	2522	6401	3879	3623	280	256
seq6_59-seq8_92	3471	6165	2694	10	2738	2728	2531	163	197
seq6_65-seq9_36	1	3814	3813	3475	7253	3778	3519	294	259
seq6_67-seq7_85	9	3574	3565	6023	9611	3588	3356	209	232
seq6_72-seq9_96	248	8217	7969	9	8018	8009	7431	538	578
seq6_73-seq7_41	4	5594	5590	853	6488	5635	5208	382	427
seq6_74-seq8_82	54	8870	8816	1318	10177	8859	8271	545	588
seq6_74-seq7_38	1794	5636	3842	1	3872	3871	3598	244	273
seq6_76-seq9_74	1732	3812	2080	5	2090	2085	1968	112	117
seq6_78-seq7_51	17	3963	3946	1629	5586	3957	3700	246	257
seq6_81-seq8_16	3839	8509	4670	27	4683	4656	4388	282	268
seq6_81-seq7_15	8756	11220	2464	18	2454	2436	2286	178	150
seq6_84-seq7_91	0	7877	7877	18274	26528	8254	7370	507	884
seq6_84-seq9_98	2031	7748	5717	16873	22596	5723	5331	386	392
seq6_84-seq9_57	2064	7835	5771	0	5748	5748	5374	397	374
seq6_85-seq8_69	9485	18809	9324	20	9356	9336	8728	596	608
seq6_85-seq7_50	13134	18813	5679	1	5717	5716	5324	355	392
seq6_86-seq9_92	91	4863	4772	6207	10926	4719	4422	350	297
seq6_86-seq7_57	52	2383	2331	1604	3928	2324	2166	165	158
seq6_87-seq8_58	17	5077	5060	2409	7490	5081	4726	334	355
seq6_89-seq8_34	5236	10026	4790	37	4839	4802	4483	307	319
seq6_90-seq7_67	12961	22966	10005	16	10047	10031	9348	657	683
seq6_90-seq7_87	11	6017	6006	10697	16731	6034	5621	385	413
seq6_91-seq8_24	10348	14227	3879	29	3912	3883	3601	278	282
seq6_92-seq7_83	802	19266	18464	11	18387	18376	17210	1254	1166
seq2_6-seq5_98	16	1569	1553	12398	13907	1509	1439	114	70
seq2_8-seq9_97	12	2961	2949	7699	10653	2954	2777	172	177
seq2_10-seq8_52	9	2733	2724	2592	5309	2717	2547	177	170
seq2_11-seq4_12	1542	2238	696	30	712	682	647	49	35
seq2_12-seq9_89	1	3956	3955	16070	20020	3950	3682	273	268
seq2_13-seq6_85	4	3620	3616	9087	12734	3647	3425	191	222
seq2_13-seq8_69	421	3599	3178	20	3236	3216	3002	176	214
seq2_16-seq5_85	0	5305	5305	6042	11357	5315	4987	318	328
seq2_17-seq9_95	9	4605	4596	1462	6072	4610	4294	302	316
seq2_19-seq2_93	0	4080	4080	22054	26149	4095	3853	227	242
seq2_19-seq4_75	3336	4080	744	10	763	753	695	49	58
seq2_20-seq2_91	124	2896	2772	10	2814	2804	2628	144	176
seq2_21-seq5_96	10	3322	3312	8942	12264	3322	3115	197	207
seq2_26-seq9_94	47	2651	2604	14727	17320	2593	2420	184	173
seq2_28-seq8_93	15	1517	1502	13795	15277	1482	1395	107	87
seq2_32-seq5_92	4	2029	2025	5541	7547	2006	1890	135	116
seq2_34-seq3_93	2	4561	4559	7619	12223	4604	4318	241	286
seq2_34-seq3_70	3357	4561	1204	1	1202	1201	1146	58	55
seq2_36-seq2_76	4	1843	1839	574	2391	1817	1723	116	94
seq2_37-seq8_80	1	3327	3326	3662	7005	3343	3119	207	224
seq2_38-seq4_85	5	4428	4423	4790	9279	4489	4196	227	293
seq2_38-seq7_90	261	4435	4174	3251	7457	4206	3915	259	291
seq2_38-seq9_31	2062	4365	2303	8	2303	2295	2132	171	163
seq2_40-seq2_56	0	436	436	1766	2209	443	411	25	32
seq2_41-seq2_72	4526	5995	1469	4	1477	1473	1395	74	78
seq2_42-seq7_43	55	1457	1402	590	2009	1419	1322	80	97
seq2_43-seq2_65	0	4042	4042	2611	6635	4024	3805	237	219
seq2_43-seq5_73	20	1411	1391	4910	6265	1355	1299	92	56
seq2_44-seq3_29	3708	8610	4902	1	4929	4928	4616	286	312
seq2_44-seq3_39	2	649	647	2719	3350	631	603	44	28
seq2_45-seq2_78	478	8075	7597	1	7615	7614	7171	426	443
seq2_45-seq5_51	292	7000	6708	0	6724	6724	6324	384	400
seq2_45-seq2_93	6778	8075	1297	20	1301	1281	1208	89	73
seq2_46-seq5_9	1229	2548	1319	3	1307	1304	1233	86	71
seq2_46-seq3_36	4767	4966	199	11	212	201	192	7	9
seq2_50-seq8_52	2	2453	2451	8137	10596	2459	2308	143	151
seq2_52-seq3_85	14	2926	2912	12449	15378	2929	2748	164	181
seq2_52-seq6_77	82	2900	2818	7862	10687	2825	2653	165	172
seq2_53-seq9_18	4133	6054	1921	22	1954	1932	1797	124	135
seq2_55-seq5_60	1742	8988	7246	4	7339	7335	6836	410	499
seq2_55-seq9_45	1363	3610	2247	0	2245	2245	2112	135	133
seq2_58-seq3_91	3	3661	3658	5491	9152	3661	3452	206	209
seq2_59-seq8_69	2	926	924	13845	14769	924	872	52	52
seq2_62-seq6_89	3824	13892	10068	32	10026	9994	9434	634	560
seq2_62-seq8_34	9067	14388	5321	13	5338	5325	4996	325	329
seq2_62-seq3_55	1623	5100	3477	3	3443	3440	3273	204	167
seq2_62-seq7_29	40	2733	2693	29	2705	2676	2491	202	185
seq2_63-seq9_30	1	925	924	4466	5382	916	872	52	44
seq2_65-seq5_73	6	4004	3998	2291	6269	3978	3764	234	214
seq2_66-seq6_54	0	3373	3373	1926	5296	3370	3169	204	201
seq2_67-seq5_84	5955	7321	1366	2	1343	1341	1279	87	62
seq2_68-seq7_79	3012	9659	6647	2	6688	6686	6266	381	420
seq2_69-seq9_71	8451	10311	1860	0	1846	1846	1725	135	121
seq2_72-seq4_1	6684	8079	1395	9	1414	1405	1322	73	83
seq2_73-seq7_71	5695	8836	3141	26	3166	3140	2966	175	174
seq2_75-seq3_67	4018	8314	4296	1	4247	4246	4024	272	222
seq2_77-seq6_26	164	6260	6096	1	6050	6049	5723	373	326
seq2_78-seq2_93	6320	13774	7454	3	7460	7457	7015	439	442
seq2_78-seq5_51	0	6569	6569	183	6719	6536	6166	403	370
seq2_79-seq3_87	0	4968	4968	3451	8465	5014	4693	275	321
seq2_80-seq6_71	3084	5472	2388	1	2364	2363	2225	163	138
seq2_83-seq6_83	23	4200	4177	6579	10716	4137	3922	255	215
seq2_83-seq5_31	31	2650	2619	415	3035	2620	2470	149	150
seq2_83-seq6_9	7182	9051	1869	3	1888	1885	1761	108	124
seq2_83-seq2_92	572	2931	2359	7	2014	2007	1894	465	113
seq2_84-seq4_74	3	755	752	1421	2165	744	701	51	43
seq2_85-seq3_49	3230	4849	1619	3	1632	1629	1521	98	108
seq2_85-seq3_46	9423	10242	819	2	803	801	769	50	32
seq2_86-seq3_34	7092	13262	6170	2	6205	6203	5801	369	402
seq2_87-seq5_38	1	2000	1999	2905	4880	1975	1859	140	116
seq2_89-seq8_94	19	11529	11510	7769	19238	11469	10780	730	689
seq2_89-seq4_51	2	1305	1303	1186	2489	1303	1224	79	79
seq2_89-seq5_59	15004	16789	1785	0	1762	1762	1633	152	129
seq2_91-seq9_77	3519	7772	4253	11	4207	4196	3954	299	242
seq2_92-seq5_31	3	1258	1255	947	2213	1266	1198	57	68
seq2_92-seq6_83	11	1261	1250	7123	8368	1245	1171	79	74
seq2_93-seq4_75	25398	30064	4666	10	4621	4611	4366	300	245
seq2_94-seq9_24	14529	19672	5143	33	5155	5122	4797	346	325
seq2_95-seq4_98	10782	30671	19889	2	19918	19916	18710	1179	1206
seq2_95-seq5_82	1	6651	6650	4035	10665	6630	6243	407	387
seq2_96-seq7_92	1	25656	25655	3720	29555	25835	24105	1550	1730
seq2_96-seq8_4	19941	21832	1891	16	1911	1895	1769	122	126
seq2_97-seq2_98	4127	29530	25403	6	25339	25333	23937	1466	1396
seq2_97-seq5_48	11083	19540	8457	3	8476	8473	7967	490	506
seq2_97-seq4_38	3	3388	3385	3962	7549	3587	3197	188	390
seq2_97-seq7_71	4	911	907	11855	12760	905	855	52	50
seq2_98-seq5_48	6938	15345	8407	35	8475	8440	7934	473	506
seq2_98-seq7_11	29813	32014	2201	7	2236	2229	2080	121	149
origSeq_4-seq3_78	1	2732	2731	5027	7737	2710	2574	157	136
origSeq_5-seq6_34	4	2626	2622	3589	6241	2652	2464	158	188
origSeq_6-seq3_25	1	558	557	1055	1624	569	530	27	39
origSeq_10-seq4_38	1	745	744	4089	4810	721	684	60	37
origSeq_10-seq2_97	1	745	744	129	859	730	696	48	34
origSeq_12-seq7_66	2626	4392	1766	14	1764	1750	1660	106	90
origSeq_13-seq10_66	0	2347	2347	3540	5858	2318	2173	174	145
origSeq_14-seq6_75	1	3729	3728	4512	8260	3748	3511	217	237
origSeq_14-seq4_49	1	697	696	3828	4528	700	651	45	49
origSeq_17-seq1_81	0	2433	2433	280	2698	2418	2282	151	136
origSeq_17-seq5_66	6	2433	2427	1104	3533	2429	2256	171	173
origSeq_17-seq5_63	0	526	526	9389	9901	512	483	43	29
origSeq_18-seq10_78	7	2066	2059	6696	8716	2020	1917	142	103
origSeq_19-seq4_96	17	1608	1591	242	1859	1617	1508	83	109
origSeq_22-seq9_50	2976	4290	1314	778	2097	1319	1232	82	87
origSeq_23-seq2_41	3	3893	3890	2059	5959	3900	3680	210	220
origSeq_23-seq2_72	2470	4675	2205	4	2224	2220	2074	131	146
origSeq_24-seq2_50	1	2806	2805	2405	5176	2771	2642	163	129
origSeq_25-origSeq_55	0	1324	1324	5853	7166	1313	1250	74	63
origSeq_26-seq1_89	5	3279	3274	12694	15957	3263	3081	193	182
origSeq_27-seq7_88	2	6940	6938	13262	20238	6976	6558	380	418
origSeq_28-seq3_18	1	1785	1784	2356	4130	1774	1679	105	95
origSeq_32-seq4_26	740	3401	2661	9	2625	2616	2465	196	151
origSeq_32-seq10_84	3134	4570	1436	15	1466	1451	1354	82	97
origSeq_33-seq7_78	1	4139	4138	7290	11474	4184	3890	248	294
origSeq_33-seq1_24	7	1637	1630	1882	3504	1622	1544	86	78
origSeq_34-seq1_30	3882	5366	1484	37	1503	1466	1392	92	74
origSeq_35-seq5_2	884	3596	2712	3	2681	2678	2540	172	138
origSeq_35-origSeq_50	2903	4621	1718	2	1714	1712	1625	93	87
origSeq_36-origSeq_85	1	2938	2937	7832	10767	2935	2776	161	159
origSeq_36-seq7_82	4	2966	2962	14827	17771	2944	2785	177	159
origSeq_37-seq6_91	10	865	855	14561	15435	874	825	30	49
origSeq_38-seq6_81	6040	7680	1640	5	1621	1616	1534	106	82
origSeq_38-seq10_71	6465	7680	1215	0	1216	1216	1157	58	59
origSeq_39-seq2_83	7	5131	5124	10194	15311	5117	4799	325	318
origSeq_41-seq6_24	2919	7385	4466	1	4532	4531	4221	245	310
origSeq_41-seq7_46	5032	7385	2353	13	2432	2419	2228	125	191
origSeq_42-seq4_34	1895	5464	3569	7	3590	3583	3396	173	187
origSeq_45-origSeq_47	12	6075	6063	2696	8812	6116	5735	328	381
origSeq_45-seq5_49	6	2297	2291	3386	5636	2250	2120	171	130
origSeq_46-seq10_62	1623	7268	5645	1	5658	5657	5324	321	333
origSeq_46-seq8_80	14	3870	3856	5507	9362	3855	3616	240	239
origSeq_46-seq2_37	12	1483	1471	1862	3327	1465	1370	101	95
origSeq_47-seq5_49	1	4986	4985	722	5636	4914	4617	368	297
origSeq_47-seq3_19	9817	11211	1394	1	1400	1399	1322	72	77
origSeq_47-seq4_24	10263	11211	948	0	928	928	873	75	55
origSeq_49-seq9_16	622	4202	3580	2	3586	3584	3356	224	228
origSeq_49-origSeq_67	6166	7373	1207	6	1204	1198	1136	71	62
origSeq_49-seq6_83	7572	8890	1318	49	1355	1306	1235	83	71
origSeq_50-seq5_2	0	684	684	2009	2687	678	641	43	37
origSeq_52-seq5_92	1	4147	4146	2106	6292	4186	3925	221	261
origSeq_52-seq2_32	3426	4154	728	9	753	744	687	41	57
origSeq_53-seq5_98	20	2305	2285	9147	11466	2319	2170	115	149
origSeq_53-seq7_10	572	1471	899	4	913	909	852	47	57
origSeq_54-seq8_28	9	5109	5100	2720	7845	5125	4762	338	363
origSeq_54-seq7_85	1	3569	3568	18509	22123	3614	3355	213	259
origSeq_54-seq6_34	2665	5117	2452	2	2472	2470	2299	153	171
origSeq_56-seq4_93	827	3442	2615	6655	9288	2633	2460	155	173
origSeq_57-origSeq_98	3	5310	5307	10869	16210	5341	5029	278	312
origSeq_58-seq7_60	3052	9554	6502	3	6512	6509	6085	417	424
origSeq_58-seq5_89	1	2559	2558	9485	12078	2593	2426	132	167
origSeq_58-seq6_73	28	2419	2391	14796	17168	2372	2230	161	142
origSeq_60-seq7_45	9	2034	2025	167	2192	2025	1905	120	120
origSeq_61-seq6_88	93	8249	8156	1	8106	8105	7641	515	464
origSeq_63-seq7_67	0	9296	9296	1816	11129	9313	8733	563	580
origSeq_63-seq6_90	0	8229	8229	14764	22987	8223	7716	513	507
origSeq_63-seq3_69	8086	11980	3894	7	3867	3860	3628	266	232
origSeq_63-seq9_80	9673	11980	2307	0	2266	2266	2142	165	124
origSeq_64-seq5_57	5455	9705	4250	3	4223	4220	3966	284	254
origSeq_64-seq9_52	4	3223	3219	2058	5284	3226	3053	166	173
origSeq_66-seq4_67	13	1411	1398	4098	5511	1413	1326	72	87
origSeq_66-seq4_40	17	1753	1736	1873	3621	1748	1621	115	127
origSeq_68-seq5_55	2	372	370	800	1162	362	340	30	22
origSeq_69-seq3_24	10587	13869	3282	2	3273	3271	3094	188	177
origSeq_71-seq8_34	0	5950	5950	2018	8141	6123	5579	371	544
origSeq_71-seq2_62	0	3129	3129	11083	14381	3298	2960	169	338
origSeq_71-seq6_89	4	3743	3739	7202	10974	3772	3382	357	390
origSeq_72-seq5_8	7	1816	1809	17	1819	1802	1696	113	106
origSeq_73-seq9_27	2400	5221	2821	3	2837	2834	2640	181	194
origSeq_74-seq2_98	3	10415	10412	20707	31084	10377	9769	643	608
origSeq_74-seq2_97	1	4575	4574	24902	29479	4577	4327	247	250
origSeq_74-seq7_11	9131	10379	1248	3	1275	1272	1176	72	96
origSeq_75-seq1_55	1831	6013	4182	5	4389	4384	3958	224	426
origSeq_75-seq8_74	1059	6013	4954	4	5129	5125	4645	309	480
origSeq_75-seq3_74	4044	6001	1957	153	2107	1954	1855	102	99
origSeq_75-seq5_26	4	1337	1333	3190	4525	1335	1267	66	68
origSeq_76-seq6_49	6	7715	7709	1700	9372	7672	7253	456	419
origSeq_78-seq5_79	4	6520	6516	3861	10351	6490	6093	423	397
origSeq_78-seq7_76	2	4917	4915	5566	10467	4901	4597	318	304
origSeq_79-seq2_23	9	1930	1921	535	2437	1902	1799	122	103
origSeq_80-seq2_86	4	4058	4054	3563	7577	4014	3789	265	225
origSeq_80-seq3_34	3592	4047	455	12	473	461	432	23	29
origSeq_82-seq6_81	1	5411	5410	5858	11248	5390	5060	350	330
origSeq_82-seq7_15	2894	6648	3754	1	3713	3712	3498	256	214
origSeq_82-seq8_16	1	2695	2694	2038	4721	2683	2516	178	167
origSeq_82-seq10_71	57	2869	2812	5507	8339	2832	2638	174	194
origSeq_83-seq4_54	2363	14316	11953	4	11909	11905	11229	724	676
origSeq_83-seq9_69	11	5917	5906	5343	11214	5871	5527	379	344
origSeq_83-seq7_51	12442	15447	3005	10	3044	3034	2819	186	215
origSeq_83-seq6_78	14021	15447	1426	3	1415	1412	1339	87	73
origSeq_84-seq1_91	10715	15457	4742	5	4695	4690	4399	343	291
origSeq_84-seq9_36	7725	14958	7233	25	7254	7229	6760	473	469
origSeq_84-seq4_55	11145	15427	4282	0	4292	4292	3992	290	300
origSeq_84-seq6_65	11174	15469	4295	5	4328	4323	4042	253	281
origSeq_84-seq10_3	12	1684	1672	2	1654	1652	1549	123	103
origSeq_85-seq7_82	4	10757	10753	6996	17734	10738	10066	687	672
origSeq_85-seq10_87	59	5905	5846	10047	15891	5844	5493	353	351
origSeq_87-seq8_87	5321	10747	5426	16	5530	5514	5143	283	371
origSeq_87-seq9_87	1	1374	1373	8229	9609	1380	1293	80	87
origSeq_88-seq8_68	2828	10767	7939	0	7915	7915	7465	474	450
origSeq_89-seq3_56	2926	10552	7626	1	7636	7635	7181	445	454
origSeq_90-seq7_37	9237	14376	5139	4	5347	5343	4852	287	491
origSeq_91-seq6_44	13018	14696	1678	0	1666	1666	1580	98	86
origSeq_92-seq4_86	3	5584	5581	10905	16456	5551	5211	370	340
origSeq_93-seq4_89	2	13043	13041	6333	19349	13016	12275	766	741
origSeq_93-seq6_33	4033	6665	2632	11	2650	2639	2480	152	159
origSeq_93-seq7_93	12279	13043	764	6	781	775	723	41	52
origSeq_94-seq3_71	23	4346	4323	7416	11684	4268	4049	274	219
origSeq_94-seq10_67	4128	5787	1659	40	1701	1661	1543	116	118
origSeq_94-seq10_25	13340	14202	862	1	855	854	800	62	54
origSeq_95-seq4_27	7487	11357	3870	5	3917	3912	3678	192	234
origSeq_95-seq2_24	1613	4411	2798	1	2782	2781	2608	190	173
origSeq_95-seq7_41	7580	11310	3730	15	3786	3771	3531	199	240
origSeq_95-seq6_73	8453	11361	2908	21	2904	2883	2697	211	186
origSeq_96-seq8_37	1761	6932	5171	4	5193	5189	4851	320	338
origSeq_97-seq3_53	10045	14649	4604	1	4618	4617	4347	257	270
origSeq_97-seq2_15	8917	9530	613	4	623	619	589	24	30
origSeq_98-seq5_33	0	2243	2243	4613	6867	2254	2123	120	131
origSeq_99-seq9_99	22	24711	24689	21683	46415	24732	23084	1605	1648
origSeq_99-seq3_15	23389	24708	1319	5	1313	1308	1233	86	75
seq9_17-seq9_54	0	1482	1482	1932	3433	1501	1406	76	95
seq9_31-seq9_78	2501	4344	1843	20	1850	1830	1736	107	94
seq9_40-seq9_72	1490	4576	3086	4	3045	3041	2868	218	173
seq9_57-seq9_98	0	5864	5864	16907	22800	5893	5547	317	346
seq9_61-seq9_81	1	1711	1710	3749	5462	1713	1630	80	83
seq9_63-seq9_95	4	1546	1542	9733	11315	1582	1464	78	118
seq7_23-seq9_90	357	4100	3743	4661	8406	3745	3475	268	270
seq7_24-seq7_7	591	2926	2335	8	2341	2333	2193	142	140
seq7_38-seq8_82	1	3872	3871	3076	6931	3855	3597	274	258
seq7_47-seq9_37	47	4238	4191	1499	5668	4169	3911	280	258
seq7_48-seq7_91	23	2327	2304	2859	5185	2326	2176	128	150
seq7_50-seq8_69	5	7653	7648	3662	11282	7620	7125	523	495
seq7_56-seq9_40	5915	10394	4479	10	4506	4496	4203	276	293
seq7_56-seq8_14	7193	11307	4114	0	4174	4174	3868	246	306
seq7_56-seq9_72	7429	11324	3895	37	3904	3867	3608	287	259
seq7_57-seq9_92	31	3926	3895	4589	8496	3907	3621	274	286
seq7_58-seq9_68	2932	8958	6026	0	6074	6074	5648	378	426
seq7_74-seq9_35	4362	7079	2717	44	2773	2729	2530	187	199
seq7_78-seq9_49	577	6834	6257	5	6242	6237	5837	420	400
seq7_81-seq8_75	1453	13834	12381	365	12695	12330	11518	863	812
seq7_85-seq8_28	15783	22095	6312	33	6278	6245	5840	472	405
seq7_86-seq7_94	1	2680	2679	35781	38480	2699	2543	136	156
seq7_88-seq8_79	2	9195	9193	1577	10733	9156	8584	609	572
seq7_89-seq9_67	15	8578	8563	2163	10853	8690	8030	533	660
seq7_90-seq9_78	7592	22805	15213	44	15312	15268	14195	1018	1073
seq7_90-seq9_31	5167	9378	4211	78	4349	4271	3942	269	329
seq7_91-seq9_98	3889	27141	23252	9	23350	23341	21667	1585	1674
seq7_91-seq8_51	1	7013	7012	762	7783	7021	6556	456	465
seq7_91-seq9_57	20723	26591	5868	0	5856	5856	5455	413	401
seq7_92-seq8_4	23751	25587	1836	13	1828	1815	1713	123	102
seq8_14-seq9_72	333	4265	3932	127	3977	3850	3614	318	236
seq8_15-seq8_67	10	1147	1137	6388	7538	1150	1083	54	67
seq8_15-seq8_57	1	1147	1146	7128	8278	1150	1084	62	66
seq8_31-seq8_90	6	5403	5397	4661	10094	5433	5097	300	336
seq8_31-seq8_88	2632	5399	2767	0	2766	2766	2604	163	162
seq8_36-seq8_91	3	2396	2393	915	3326	2411	2248	145	163
seq8_40-seq9_98	51	6040	5989	34273	40229	5956	5556	433	400
seq8_44-seq8_93	10	9468	9458	1080	10525	9445	8919	539	526
seq8_45-seq8_87	0	7352	7352	9017	16799	7782	6990	362	792
seq8_51-seq9_98	4661	7767	3106	9	3120	3111	2895	211	216
seq8_57-seq8_67	739	9769	9030	2	9029	9027	8533	497	494
seq8_73-seq8_78	524	1682	1158	21	1151	1130	1085	73	45
seq8_88-seq8_90	0	9432	9432	7307	16747	9440	8928	504	512
seq3_3-seq7_84	6	1833	1827	4381	6188	1807	1697	130	110
seq3_7-seq5_99	0	921	921	18640	19577	937	871	50	66
seq3_8-seq5_95	5	2417	2412	6125	8497	2372	2238	174	134
seq3_9-seq7_63	30	1260	1230	3922	5141	1219	1149	81	70
seq3_11-seq5_50	46	1488	1442	84	1516	1432	1351	91	81
seq3_12-seq8_91	0	2979	2979	21425	24499	3074	2848	131	226
seq3_13-seq5_80	56	1133	1077	2071	3122	1051	992	85	59
seq3_14-seq5_71	18	2780	2762	4363	7129	2766	2594	168	172
seq3_15-seq9_99	5	4103	4098	45113	49192	4079	3807	291	272
seq3_19-seq4_24	446	1974	1528	0	1486	1486	1394	134	92
seq3_23-seq4_41	566	4857	4291	8	4368	4360	4078	213	282
seq3_23-seq5_97	17	4424	4407	8649	13080	4431	4135	272	296
seq3_27-seq4_63	2168	6498	4330	3	4327	4324	4073	257	251
seq3_28-seq5_44	843	3973	3130	0	3094	3094	2923	207	171
seq3_32-seq6_64	1	1660	1659	88	1728	1640	1560	99	80
seq3_32-seq8_57	33	1660	1627	6457	8083	1626	1524	103	102
seq3_32-seq8_15	749	1638	889	55	946	891	846	43	45
seq3_37-seq8_62	2	3882	3880	5594	9528	3934	3677	203	257
seq3_40-seq7_91	31	5570	5539	4499	9998	5499	5197	342	302
seq3_40-seq9_98	75	5508	5433	660	6080	5420	5091	342	329
seq3_40-seq8_51	74	2525	2451	5316	7754	2438	2288	163	150
seq3_41-seq3_94	6	6081	6075	1942	7897	5955	5663	412	292
seq3_41-seq3_69	13	4515	4502	6367	10875	4508	4241	261	267
seq3_41-seq8_35	4055	6088	2033	1	2008	2007	1908	125	99
seq3_43-seq9_55	2247	7325	5078	3	5093	5090	4761	317	329
seq3_47-seq7_68	3012	4906	1894	1	1891	1890	1780	114	110
seq3_48-seq5_17	0	660	660	5874	6552	678	629	31	49
seq3_50-seq7_80	678	5859	5181	2	5183	5181	4861	320	320
seq3_50-seq8_53	3	951	948	4635	5604	969	903	45	66
seq3_52-seq9_44	3605	6142	2537	38	2604	2566	2406	131	160
seq3_54-seq3_89	1125	11356	10231	1	10289	10288	9635	596	653
seq3_54-seq8_92	17	11356	11339	4124	15474	11350	10581	758	769
seq3_54-seq5_1	1161	2915	1754	17	1783	1766	1665	89	101
seq3_55-seq6_89	2161	3443	1282	6	1302	1296	1203	79	93
seq3_58-seq5_43	9	1364	1355	4065	5418	1353	1273	82	80
seq3_63-seq7_70	3548	9300	5752	2	5743	5741	5371	381	370
seq3_64-seq9_29	5	4678	4673	1318	6000	4682	4358	315	324
seq3_65-seq9_89	5	13967	13962	1186	14997	13811	12923	1039	888
seq3_66-seq9_74	99	2113	2014	670	2696	2026	1903	111	123
seq3_66-seq6_76	57	1499	1442	2366	3810	1444	1359	83	85
seq3_68-seq7_46	8	2781	2773	1658	4437	2779	2606	167	173
seq3_68-seq6_24	6	1341	1335	3745	5072	1327	1237	98	90
seq3_69-seq3_94	4468	10874	6406	30	6367	6337	5979	427	358
seq3_69-seq9_80	1566	6341	4775	0	4730	4730	4437	338	293
seq3_69-seq7_67	6	1219	1213	9916	11135	1219	1126	87	93
seq3_70-seq3_93	0	9724	9724	11039	20753	9714	9175	549	539
seq3_71-seq7_78	137	3116	2979	18381	21384	3003	2803	176	200
seq3_73-seq5_83	10357	12565	2208	2	2206	2204	2076	132	128
seq3_74-seq8_74	13	3606	3593	3012	6649	3637	3378	215	259
seq3_77-seq5_88	17	9917	9900	3040	13008	9968	9320	580	648
seq3_77-seq5_92	6	8634	8628	13236	21907	8671	8123	505	548
seq3_77-seq9_42	2	2957	2955	4077	7069	2992	2771	184	221
seq3_79-seq6_82	9539	13046	3507	0	3568	3568	3339	168	229
seq3_80-seq5_21	15752	18110	2358	6	2382	2376	2217	141	159
seq3_80-seq8_17	17008	18074	1066	43	1092	1049	998	68	51
seq3_82-seq5_81	20	4588	4568	1961	6527	4566	4295	273	271
seq3_83-seq8_47	2	2053	2051	9055	11106	2051	1934	117	117
seq3_84-seq4_56	5	3277	3272	2651	5881	3230	3044	228	186
seq3_85-seq6_77	4693	16173	11480	3	11517	11514	10801	679	713
seq3_88-seq8_22	24	3995	3971	13	4013	4000	3715	256	285
seq3_89-seq8_92	16	12883	12867	5247	18072	12825	12015	852	810
seq3_89-seq5_1	22	1791	1769	2	1792	1790	1664	105	126
seq3_90-seq6_91	4904	15094	10190	4	10179	10175	9542	648	633
seq3_91-seq5_13	1055	5231	4176	4	4247	4243	3960	216	283
seq3_91-seq4_93	6	3341	3335	17491	20859	3368	3152	183	216
seq3_92-seq9_85	10192	24797	14605	15	14633	14618	13718	887	900
seq3_92-seq6_45	21510	24859	3349	1	3344	3343	3167	182	176
seq3_94-seq8_35	5903	12974	7071	1	7053	7052	6636	435	416
seq3_94-seq4_2	12584	14443	1859	10	1877	1867	1755	104	112
